51
51
60
54
56
54
54
56
59
55
57
60
55
56
55
54
53
50
50
57
52
50
52
52
59
50
50
50
59
59
53
57
57
50
53
55
54
51
53
55
58
60
57
57
56
57
52
53
56
51
57
52
60
60
52
53
54
51
57
57
57
57
57
60
53
59
51
57
52
57
55
58
55
59
56
59
60
55
51
60
59
60
57
54
50
56
52
58
59
51
52
50
50
50
55
52
53
60
56
52
53
54
50
52
53
56
58
50
53
52
52
53
60
50
59
51
57
55
50
52
56
54
59
56
56
51
59
52
59
55
59
54
53
52
50
53
59
60
60
58
54
59
56
58
55
58
50
54
60
54
59
52
54
57
53
50
58
56
52
59
52
52
60
56
52
57
52
58
60
53
59
52
59
58
58
56
53
52
58
57
53
50
60
54
60
51
60
57
50
57
51
51
56
58
58
57
56
55
50
57
60
52
58
59
58
57
55
51
55
52
59
53
52
54
60
58
56
58
52
50
58
59
60
54
50
53
51
56
51
59
60
51
56
59
50
56
58
58
56
56
56
52
53
57
56
50
50
59
60
56
51
50
60
52
55
58
53
51
50
50
54
53
52
52
51
54
50
58
54
58
52
54
51
60
58
57
54
57
60
55
52
58
53
54
57
56
53
53
51
60
56
54
57
57
56
53
51
54
58
55
57
54
52
55
54
55
56
60
60
56
59
52
51
59
57
53
53
57
53
54
56
51
55
50
51
56
57
53
58
60
59
54
58
51
58
59
56
55
56
59
54
60
56
60
59
60
56
54
59
58
58
55
56
58
55
55
50
55
52
54
58
56
51
60
55
56
57
60
60
53
50
54
57
50
58
54
57
60
55
54
60
54
51
59
60
59
55
59
53
53
57
59
60
55
50
57
60
52
51
52
56
59
53
52
53
54
57
59
57
52
58
50
53
59
58
56
55
56
56
54
57
57
57
58
50
57
53
60
52
54
56
60
53
60
53
56
52
51
52
56
54
55
59
60
52
60
60
54
57
58
57
60
56
59
53
52
54
60
60
54
54
56
55
54
52
52
55
60
55
59
54
51
51
50
60
60
50
55
54
56
65
60
60
68
67
61
64
62
62
64
70
63
63
61
68
63
62
60
65
66
69
67
60
70
60
63
65
63
68
66
65
62
66
60
68
65
69
67
63
68
61
68
63
61
70
60
62
60
62
60
61
65
66
61
67
65
60
63
70
62
64
60
63
72
71
77
80
64
74
60
60
79
76
79
68
71
61
63
62
73
78
79
61
65
74
69
71
79
65
61
64
71
66
67
64
60
70
73
71
67
69
61
67
68
68
72
77
70
73
67
72
72
75
60
60
71
61
73
73
65
72
72
78
75
70
74
84
85
75
70
74
84
75
78
82
75
77
76
81
80
73
80
80
70
77
81
70
71
75
71
76
72
73
71
70
79
84
71
71
70
70
81
78
72
77
76
73
75
74
77
73
77
74
81
83
81
80
72
78
76
99
91
95
88
90
96
87
97
95
92
97
94
97
89
91
99
88
94
91
90
99
94
94
92
89
97
98
94
99
95
86
90
88
89
92
91
88
92
97
90
99
94
97
92
90
99
95
91
92
92
89
96
99
94
91
92
87
99
95
97
113
102
110
129
107
123
115
109
124
117
114
106
124
112
111
110
116
116
104
125
113
130
110
120
111
110
111
111
127
105
118
130
121
128
116
106
111
126
106
122
100
110
119
128
122
111
115
129
125
115
117
107
122
126
112
106
109
126
129
106
122
129
149
150
137
148
145
148
125
131
148
120
133
143
124
124
120
128
149
137
146
134
133
136
129
146
147
139
122
127
121
123
141
124
147
130
145
147
146
149
143
141
121
136
132
143
131
148
124
149
134
132
141
147
139
143
148
141
134
139
106
106
105
101
100
101
90
105
90
96
105
112
90
108
107
118
109
109
101
99
117
99
111
105
105
93
120
96
107
100
107
112
92
117
118
112
102
107
115
104
104
112
108
116
112
113
114
100
90
103
111
93
98
105
120
95
114
93
105
115
89
100
78
94
85
84
100
94
94
75
73
91
84
73
78
95
76
78
78
75
74
83
93
82
98
91
82
90
88
80
79
78
94
90
81
93
77
91
82
100
94
86
78
70
77
70
92
98
80
76
72
81
82
89
78
88
79
79
74
90
65
62
53
70
55
57
59
70
59
66
59
64
55
58
67
60
59
56
53
67
62
67
63
52
66
64
54
69
60
63
62
68
68
56
59
51
58
65
54
63
54
67
69
64
61
68
62
58
52
58
70
50
68
69
58
66
61
70
59
50
52
57
69
58
66
68
60
51
52
61
50
59
52
59
68
57
54
53
61
61
57
65
61
68
67
66
60
60
50
65
62
55
59
60
56
58
53
63
56
69
68
54
53
55
58
61
63
53
65
70
55
57
60
69
57
60
66
59
56
63
56
60
65
59
50
61
64
56
62
63
55
61
52
55
61
62
64
50
69
51
60
61
50
55
62
52
64
55
60
66
63
62
56
60
66
65
60
65
59
66
65
54
60
64
69
65
61
65
51
56
63
68
64
65
69
69
59
60
70
64
70
60
68
50
52
63
61
65
56
70
65
62
52
51
59
63
58
55
67
63
65
56
56
52
65
57
58
68
63
66
67
52
51
62
56
51
55
50
57
66
55
63
62
61
59
55
51
69
60
60
53
58
63
54
54
67
58
61
68
67
57
59
62
69
62
66
66
51
67
68
61
55
54
55
53
66
61
50
64
52
53
50
66
69
62
59
57
60
69
62
50
68
56
53
50
55
65
68
65
54
69
58
68
70
61
67
53
65
50
57
68
50
52
60
56
67
67
63
68
69
55
58
60
67
53
62
61
51
64
68
63
57
54
57
61
68
50
59
70
64
57
70
58
53
56
70
61
51
67
66
70
50
63
62
63
65
69
54
66
69
50
58
63
60
61
67
64
64
63
58
70
63
51
65
61
50
64
62
70
59
66
70
58
55
57
58
64
62
60
63
57
58
69
69
70
64
61
59
61
52
69
66
58
59
57
60
56
58
68
55
50
54
64
61
56
66
64
52
57
53
52
56
66
60
64
59
69
67
58
66
63
50
52
56
51
50
54
66
64
59
51
53
58
59
55
51
64
69
57
65
70
64
69
70
65
53
57
60
62
51
61
54
56
56
52
70
54
51
64
52
52
58
57
61
61
51
63
50
52
62
65
57
62
55
58
67
51
59
52
68
65
52
61
52
66
55
55
51
64
67
